2348137787814
2348136474040
2348136657221
2348136382457
2348137322432
2348135288106
2348137945933
2348161211902
2348137658804
2348138371015
2348136453954
2348137882464
2348135657344
2348139795946
2348134583040
2348139513697
2348136356333
2348138806248
2348134537713
2348135699998
2348138487505
2348137266835
2348161236825
2348138864772
2348136998562
2348151328486
2348134504026
2348138982949
2348135131142
2348139123720
2348136337197
2348138426301
2348138892771
2348136618731
2348134949708
2348136972174
2348157862653
2348151331840
2348161628291
2348152318516
2348158881793
2348139721671
2348139702577
2348136647010
2348139606652
2348136035722
2348135340090
2348135539431
2348139192803
2348138535022
2348139164681
2348134674646
2348136892025
2348136528614
2348137373624
2348135652103
2348137856962
2348159648154
2348135796993
2348137661828
2348135375054
2348137211103
2348137551637
2348135900489
2348136341821
2348138301525
2348161154464
2348161360706
2348137914941
2348134532125
2348151809756
2348136649177
2348138542424
2348136389071
2348138589930
2348137000406
2348138667196
2348135339262
2348134750589
2348136393291
2348156682563
2348136921536
2348135934781
2348136100851
2348156946101
2348135367328
2348135319779
2348135454159
2348135559465
2348158520043
2348151685112
2348153390346
2348134887387
2348138227510
2348135894334
2348138263865
2348135487797
2348136298673
2348137913465
2348134670281
2348138003498
2348134808842
2348138665128
2348134798170
2348138835537
2348153514646
2348152799750
2348136565168
2348134964654
2348161395961
2348135550880
2348136944100
2348136709888
2348137813306
2348136661120
2348135691192
2348134908439
2348139353808
2348134510117
2348135558551
2348139204207
2348135970073
2348136236857
2348136702401
2348136929376
2348135011544
2348137113080
2348136437993
2348135537404
2348135459660
2348158783302
2348161198119
2348135260388
2348154120464
2348139202646
2348136079955
2348138581872
2348135225097
2348136036455
2348158244600
2348135402322
2348135856967
2348134657732
2348135258839
2348135575069
2348161146014
2348139279247
2348135463834
2348139498045
2348137299237
2348135898593
2348134707456
2348137962504
2348134828526
2348135583537
2348156821259
2348157316005
2348154655286
2348136502021
2348138211113
2348139690401
2348135636453
2348137538288
2348156466623
2348161611171
2348157967637
2348138913349
2348154961640
2348161850005
2348135819160
2348138704652
2348161310517
2348134954832
2348135223568
2348134963645
2348136538112
2348135812508
2348134863571
2348154930202
2348137864565
2348139433488
2348138009770
2348134913696
2348137083855
2348136480124
2348138996652
2348152310783
2348136178724
2348154558125
2348135748387
2348134887487
2348138779908
2348135662523
2348155627878
2348161815078
2348139128589
2348137096763
2348161857835
2348136649284
2348135706501
2348161266334
2348138581357
2348138896149
2348136688889
2348136770269
2348135440162
2348138980214
2348161361447
2348135544581
2348134799416
2348136600580
2348138727152
2348161201744
2348139014401
2348136456375
2348151630201
2348158162647
2348135384335
2348138769831
2348138777687
2348135098934
2348138895760
2348161333111
2348161640252
2348161558757
2348138158205
2348138249018
2348138032300
2348135467574
2348135608315
2348155732781
2348139190553
2348138144501
2348139162746
2348137562001
2348161630460
2348134699192
2348136162182
2348136126536
2348135344377
2348135762732
2348136053777
2348138274271
2348135575568
2348135384324
2348138303984
2348137721324
2348135107724
2348135968684
2348137301433
2348134673187
2348134536705
2348138114516
2348136062678
2348138884991
2348138433255
2348136759553
2348161245865
2348159767666
2348138792121
2348159931662
2348137052453
2348137606592
2348161300626
2348136916940
2348155131731
2348138243335
2348138513083
2348136364695
2348135102666
2348134751366
2348139465907
2348158597353
2348135719646
2348136261766
2348138534777
2348136447634
2348135339308
2348136218479
2348134916566
2348161251503
2348153051103
2348136307344
2348139311493
2348161252295
2348135349806
2348135965096
2348138739217
2348159224087
2348137428026
2348135081797
2348136366210
2348136746928
2348135934508
2348136059858
2348135083138
2348157850594
2348136163113
2348155559994
2348134780083
2348161123264
2348139133266
2348151337499
2348135145937
2348138482333
2348139433383
2348137524820
2348138102862
2348134699800
2348154797972
2348156244308
2348136733018
2348138941323
2348136063114
2348135337412
2348135961538
2348139458853
2348137240171
2348134495292
2348135711280
2348134937637
2348137810355
2348137313385
2348137953325
2348139406125
2348161303745
2348134841860
2348136280890
2348135950961
2348138999819
2348139094091
2348134680111
2348136783054
2348138426126
2348138515904
2348136260916
2348139902526
2348134911037
2348135343132
2348137915750
2348136675318
2348137035290
2348135482474
2348136871000
2348136160626
2348153559325
2348138729441
2348138603904
2348135089398
2348161156161
2348151222083
2348135534098
2348135347084
2348136358815
2348136333788
2348139308925
2348155326132
2348135390786
2348136946750
2348139793937
2348137711933
2348139762342
2348135577517
2348136043050
2348134421207
2348135950494
2348134805138
2348153682312
2348135498339
2348136652687
2348136186750
2348135612490
2348134442368
2348161862221
2348138293560
2348137589998
2348135390438
2348135590084
2348138770038
2348136668759
2348136934601
2348158122167
2348139777901
2348161651657
2348134957111
2348139114528
2348135265761
2348134761979
2348134684494
2348136279732
2348134323325
2348135959568
2348161513103
2348138352310
2348136037271
2348135782971
2348135338776
2348135248492
2348137151173
2348136041913
2348159647775
2348136620140
2348137045012
2348134465802
2348134513881
2348138349806
2348136075445
2348136642348
2348154947956
2348157245024
2348137153964
2348136131350
2348136294333
2348139626870
2348136795465
2348161159488
2348161856131
2348139394883
2348161244766
2348156960324
2348138279401
2348139741617
2348161879240
2348134952229
2348138294359
2348135001067
2348154994619
2348136024957
2348139676841
2348154679286
2348135766173
2348136666249
2348135696101
2348136570550
2348154032453
2348137667835
2348137755157
2348159583491
2348134757445
2348138203342
2348137915686
2348137359165
2348138377310
2348161236424
2348155409456
2348137298749
2348157058088
2348138622698
2348135482136
2348155296704
2348135352464
2348135045922
2348135136646
2348137267317
2348135537564
2348136849294
2348134619121
2348139194715
2348135454192
2348161219506
2348136103281
2348136011533
2348134865716
2348138945972
2348137576869
2348157954433
2348138374120
2348136382628
2348161590214
2348136920154
2348151835878
2348152758944
2348135010356
2348136178976
2348135917658
2348135350273
2348136686069
2348159632968
2348138896018
2348135369090
2348136827757
2348137659094
2348134907831
2348161554535
2348135785761
2348137350548
2348137113811
2348138319956
2348137098476
2348136962255
2348156191473
2348151518029
2348138228071
2348136547034
2348137097045
2348135480422
2348139634186
2348139231114
2348135775754
2348157910555
2348137924778
2348135707171
2348135972470
2348135030878
2348161677510
2348135325681
2348138930115
2348156385708
2348134697047
2348138569628
2348159430772
2348136358505
2348137739032
2348161853604
2348138644934
2348152405752
2348134678836
2348138231276
2348135560858
2348152630423
2348161674380
2348135961905
2348136888810
2348137459050
2348138672277
2348138521209
2348138519192
2348159709555
2348136134506
2348134356598
2348136922944
2348138697083
2348138104310
2348161190141
2348134488153
2348136836090
2348139423440
2348138635147
2348135244713
2348135787676
2348138902343
2348138162429
2348161873479
2348139108524
2348157763403
2348135344458
2348136580474
2348139741858
2348136398658
2348138657469
2348138841879
2348137882341
2348137963162
2348138258780
2348137556334
2348161668074
2348134866316
2348135716508
2348139123200
2348157811025
2348161597659
2348136260200
2348139541192
2348137124713
2348136462891
2348137202356
2348134812949
2348138391749
2348139620708
2348138481106
2348136987686
2348136121640
2348156604678
2348136908917
2348137173390
2348139200887
2348137151157
2348136026953
2348136184234
2348136674231
2348161648983
2348137193021
2348139542382
2348136961575
2348137827440
2348135578238
2348161146686
2348134323426
2348135661015
2348136764222
2348138648451
2348152358058
2348134522668
2348136994127
2348137204344
2348161582594
2348137162030
2348161717278
2348138053872
2348134655404
2348136677300
2348136350635
2348136801028
2348135576738
2348156443024
2348161587034
2348136651070
2348135342721
2348137338638
2348134556633
2348153526315
2348136261099
2348134677245
2348138818660
2348135882584
2348134712134
2348137322964
2348138673329
2348139743000
2348139773507
2348135865819
2348158627919
2348134515197
2348136202875
2348157623577
2348138899089
2348138479600
2348138157657
2348138648197
2348155253820
2348138464282
2348139669795
2348139457234
2348138158404
2348137582604
2348134676286
2348138463328
2348161245270
2348138470389
2348136437041
2348136737209
2348137206955
2348161316221
2348134689507
2348139145945
2348134569545
2348156493588
2348137582488
2348135309463
2348135963338
2348161724315
2348138204452
2348134551259
2348135331005
2348136569667
2348139265023
2348153834443
2348135094647
2348138481660
2348137531043
2348161369964
2348151342059
2348138919633
2348135557777
2348138038040
2348135020508
2348137315471
2348135137098
2348135328350
2348136590669
2348135287780
2348135539112
2348135922566
2348137879102
2348156365314
2348134726943
2348135937978
2348159694202
2348137979128
2348137406408
2348139751629
2348135539656
2348138883277
2348138835065
2348135601654
2348136141473
2348139574077
2348139752665
2348135030697
2348138223611
2348135640612
2348134864547
2348139509644
2348161700600
2348153287777
2348135631200
2348136396268
2348136907941
2348138749974
2348158267070
2348135196033
2348137724138
2348136039043
2348135309051
2348137083458
2348137358222
2348137075801
2348152713298
2348136386544
2348138084772
2348135636170
2348161691865
2348155555202
2348135216578
2348155521253
2348134324100
2348138911214
2348134664394
2348137244522
2348138834266
2348139359379
2348154639902
2348138984221
2348139713764
2348139091675
2348136659081
2348135586986
2348139778686
2348138643031
2348136372974
2348158029294
2348137137463
2348136588314
2348137147874
2348161634658
2348137743142
2348136059998
2348161862914
2348137555871
2348136589929
2348157575742
2348137606180
2348159877568
2348137243677
2348137456310
2348135812697
2348136256128
2348135578523
2348155152810
2348155400699
2348161648141
2348155713897
2348135899782
2348137229968
2348137864526
2348134433772
2348134646814
2348135407528
2348135682820
2348139300994
2348139628543
2348136884790
2348138358582
2348161186641
2348136069595
2348135454362
2348139140768
2348139123805
2348136964874
2348161694304
2348151674425
2348137667224
2348161627979
2348151510631
2348136682726
2348135697727
2348134495341
2348134341519
2348139375265
2348156220131
2348139413430
2348135777338
2348161645471
2348139771704
2348136041018
2348139390968
2348136526385
2348134675991
2348154080520
2348161118121
2348138289473
2348139219888
2348157558924
2348139399286
2348134988922
2348161770448
2348155401913
2348135255022
2348134723951
2348139029738
2348136111103
2348153509519
2348136421851
2348136994060
2348161303345
2348136411968
2348137680202
2348138511934
2348155100071
2348136297215
2348154498323
2348139094026
2348134924804
2348137213930
2348137206791
2348134510380
2348139264989
2348139380433
2348157573218
2348161383636
2348139702359
2348161881957
2348138937555
2348136681042
2348136543932
2348137556684
2348135601289
2348158584614
2348138605219
2348153626862
2348137575695
2348161562523
2348135107042
2348161655559
2348138906283
2348135233561
2348135188585
2348138668896
2348134741312
2348136075586
2348155094313
2348154191077
2348151236747
2348138302679
2348136678715
2348137335757
2348161517122
2348135952599
2348161636576
2348134872245
2348154297939
2348137957763
2348138322604
2348151419236
2348154117599
2348136804453
2348135061660
2348137685467
2348136647967
2348155156687
2348135690339
2348137199808
2348136994403
2348135239271
2348139744735
2348136546266
2348159071843
2348139241606
2348139239525
2348138823532
2348134383681
2348138128304
2348138975177
2348134559555
2348139789115
2348135444010
2348154003933
2348155418800
2348137901075
2348134676058
2348135734394
2348154863238
2348134494543
2348139634031
2348139335996
2348134603219
2348137788666
2348161521076
2348161802146
2348134807018
2348137201524
2348138980465
2348134887447
2348161644507
2348154823381
2348136422698
2348136633848
2348136906250
2348138914722
2348137534134
2348155190723
2348134950061
2348138663054
2348135339580
2348138835340
2348137973034
2348137149308
2348134918346
2348136193463
2348135431592
2348134571442
2348138983398
2348138968304
2348161672194
2348136020279
2348134511415
2348137413617
2348135495302
2348137963106
2348136602686
2348157396471
2348138134800
2348135661332
2348138166052
2348134930139
2348138874211
2348135607431
2348137047004
2348156352757
2348136507290
2348137007759
2348137201083
2348137938048
2348161855608
2348151386554
2348135961555
2348134697907
2348155674778
2348139450400
2348153306714
2348137780708
2348152032545
2348137647902
2348139258764
2348135660417
2348138647762
2348135458871
2348155707401
2348136593958
2348137202691
2348135337210
2348138969901
2348135079519
2348135350078
2348151116167
2348152271684
2348137890885
2348139416072
2348135308200
2348137922646
2348138707671
2348136228119
2348135383886
2348134724175
2348137391040
2348134431100
2348136179469
2348135999415
2348138415199
2348161799024
2348134755687
2348161115989
2348136076781
2348135386948
2348136068884
2348135012323
2348138302250
2348139752544
2348137630232
2348137286527
2348161856874
2348139057818
2348135432046
2348135630161
2348135682562
2348161553223
2348135256867
2348134857404
2348135206555
2348139575585
2348136817421
2348139483256
2348135934301
2348139729897
2348155457922
2348137204780
2348137454435
2348134333899
2348139446916
2348134976072
2348138464360
2348158618736
2348134717571
2348138531600
2348155683255
2348137528798
2348158876344
2348138557060
2348136868711
2348135566681
2348151188399
2348161530005
2348134882262
2348135395577
2348137100660
2348136400863
2348136081110
2348139536962
2348134606913
2348134678000
2348139776947
2348151770025
2348161199848
2348136631562
2348153695245
2348161565216
2348135929905
2348135818644
2348135356123
2348138127734
2348137234175
2348134863434
2348139685451
2348138075502
2348135258947
2348135711722
2348139259175
2348138443675
2348161792229
2348161627591
2348159106187
2348138353418
2348161185300
2348138692814
2348136729854
2348138906424
2348136381397
2348136654034
2348161702868
2348136916801
2348135176798
2348135564555
2348137902588
2348158512343
2348134444433
2348134574841
2348136545038
2348138723858
2348137513913
2348135643654
2348137855283
2348156192226
2348137149351
2348135903857
2348135068769
2348134720619
2348137888856
2348135601585
2348155571729
2348137426492
2348139548437
2348138353181
2348136655972
2348135480412
2348135575423
2348138665449
2348134616159
2348136048062
2348135537725
2348134760323
2348134480218
2348135407422
2348136528343
2348138610127
2348138442785
2348137864567
2348138177086
2348135121992
2348138777764
2348159194469
2348135325040
2348138592553
2348161742761
2348135357162
2348161193122
2348134538660
2348154260941
2348137913569
2348138887306
2348161880377
2348138250701
2348134862375
2348139768672
2348135344515
2348137923616
2348139064009
2348136173586
2348136446122
2348137865725
2348161397455
2348139640821
2348139359060
2348136599934
2348137580200
2348138444540
2348134432879
2348136531028
2348138799206
2348136004982
2348135574333
2348136448543
2348136110453
2348138039799
2348139212172
2348136435759
2348136363371
2348161796211
2348161763720
2348161707925
2348161835814
2348138143499
2348139591599
2348138793112
2348157230312
2348137855325
2348139033887
2348137203540
2348137790577
2348135099530
2348139502531
2348134993711
2348156483185
2348136955571
2348154543103
2348135701714
2348134758829
2348136652464
2348136279526
2348161205990
2348153712179
2348135897624
2348137009469
2348139355844
2348138509076
2348137203857
2348139370636
2348136664542
2348138325463
2348136820293
2348136546970
2348137836281
2348134403025
2348139573626
2348138046703
2348161502130
2348138920461
2348135352597
2348137868471
2348139607169
2348153110714
2348136628835
2348139776161
2348135474479
2348138631912
2348139712441
2348136772420
2348161862118
2348134454877
2348135812889
2348156261755
2348137429678
2348135493186
2348137556228
2348136438040
2348139778697
2348139122430
2348135100825
2348155259592
2348138136535
2348134976394
2348152161781
2348136279377
2348138081626
2348137079374
2348137013955
2348138667465
2348156096819
2348137234320
2348138422543
2348155052414
2348137689598
2348135989446
2348135688091
2348137241140
2348161181887
2348137012391
2348139065409
2348138223629
2348139653339
2348155049276
2348138609741
2348136999941
2348138061711
2348137117994
2348138288005
2348136624760
2348136172126
2348136273830
2348138806095
2348159556745
2348151466686
2348136094634
2348138933469
2348137809041
2348138195591
2348138446514
2348161335325
2348136262618
2348151801170
2348136143860
2348139777424
2348135119476
2348138781766
2348161363675
2348139223269
2348134646512
2348136496586
2348136586351
2348138468119
2348134961145
2348137004824
2348161881058
2348161538153
2348139527760
2348135575367
2348134684408
2348138356408
2348155677961
2348138951276
2348156467151
2348151456596
2348138231438
2348137817782
2348136436793
2348161536593
2348137867434
2348139720100
2348155505808
2348138415438
2348152551000
2348138919913
2348135584782
2348134839034
2348135896709
2348137266061
2348137944453
2348135141676
2348156127693
2348136900354
2348135783286
2348137160038
2348136250783
2348138176824
2348135575387
2348136952169
2348138484453
2348137773949
2348161857414
2348138786391
2348139505588
2348137270611
2348136826004
2348137977894
2348138200072
2348134783531
2348136687332
2348139723044
2348134812192
2348135526168
2348137208149
2348155342605
2348137366735
2348138575423
2348136081434
2348135530580
2348158365735
2348136852974
2348136369107
2348137740385
2348134672580
2348135036228
2348135674241
2348137252213
2348159117733
2348136204641
2348138774546
2348155093911
2348138118266
2348158054457
2348161385885
2348161759326
2348134604437
2348136341614
2348135381000
2348136314539
2348135662207
2348135238473
2348134998821
2348137050543
2348135583227
2348134402233
2348158434515
2348134912557
2348139714694
2348156687033
2348139419430
2348138788552
2348136366604
2348139726213
2348138427714
2348138133687
2348135612373
2348136925727
2348138025342
2348135329638
2348161660840
2348136251326
2348137151953
2348135641038
2348161224455
2348139778463
2348137851597
2348137326942
2348161393446
2348135718441
2348161864023
2348155455031
2348134696292
2348135779916
2348135525092
2348137258148
2348134677778
2348136337124
2348157319515
2348137524666
2348137193581
2348139396258
2348134648673
2348134697326
2348138966829
2348152033908
2348136105628
2348137637514
2348135753334
2348135247247
2348139639068
2348135353006
2348138349665
2348157850353
2348139643159
2348134503230
2348161632889
2348135438241
2348138539420
2348134665511
2348134633808
2348138333338
2348159214570
2348139295165
2348136587784
2348137345355
2348161728043
2348134601289
2348136784069
2348139697451
2348136698897
2348137382649
2348139019685
2348139390919
2348161570195
2348135407027
2348135041281
2348139561311
2348136890539
2348135760994
2348136673366
2348136507728
2348134762385
2348137655211
2348136291343
2348134851700
2348134911141
2348161630154
2348135353517
2348158519997
2348135354853
2348136538799
2348161391308
2348136450154
2348135238896
2348139770527
2348136115392
2348136729993
2348138462512
2348134859706
2348134839909
2348154040498
2348139752825
2348138353390
2348161309281
2348135160365
2348161816005
2348136166647
2348134925620
2348161724617
2348138453909
2348137148579
2348138055951
2348137501184
2348156751655
2348161180235
2348161120628
2348135359855
2348138608676
2348161740568
2348135857917
2348137358148
2348135458519
2348156162605
2348134733156
2348135671366
2348138626816
2348136372657
2348151496906
2348135575326
2348137620552
2348139328052
2348135171419
2348135984969
2348138510559
2348134384464
2348135190484
2348137935150
2348139054934
2348135329087
2348134840965
2348135809207
2348155191089
2348135961031
2348134332348
2348134466318
2348136920120
2348156910064
2348138573837
2348138917370
2348135831349
2348136387734
2348135335285
2348137200496
2348139493840
2348135776773
2348152665942
2348137693585
2348136719488
2348134529533
2348136875405
2348155456693
2348135711831
2348138543052
2348135487770
2348134780294
2348137810895
2348135882924
2348139089576
2348138862599
2348139754361
2348139558623
2348138199733
2348161884032
2348138040233
2348134719800
2348138808050
2348161763903
2348134346792
2348138065418
2348153284655
2348137880168
2348134595753
2348138105562
2348136649527
2348137815293
2348134674341
2348137430166
2348135564519
2348134741667
2348158031468
2348135607770
2348161716311
2348154304832
2348138014488
2348135430571
2348139739993
2348138952687
2348137010369
2348134678188
2348161303265
2348134945379
2348139754980
2348138310917
2348138798470
2348134699876
2348161643102
2348137113276
2348135445461
2348135351417
2348135654018
2348138896760
2348135271546
2348139486795
2348161517674
2348138747247
2348136477184
2348136051526
2348138843185
2348135934462
2348135353053
2348138375698
2348136666684
2348158028903
2348135583971
2348135882545
2348135490000
2348154551914
2348134370627
2348159259257
2348136020613
2348152843211
2348139603831
2348135892096
2348157002043
2348136507176
2348135353063
2348154838287
2348135861615
2348161516370
2348137954933
2348136858082
2348137178031
2348136323807
2348151297387
2348135779640
2348137061178
2348155529849
2348137855060
2348135910081
2348136586234
2348135483540
2348139727280
2348161182383
2348136060349
2348138987757
2348136294325
2348135177768
2348135645514
2348139775337
2348155502832
2348137682467
2348135589664
2348136430974
2348137509112
2348153549596
2348137683629
2348135845921
2348135328311
2348135471365
2348158928867
2348137071937
2348161326802
2348158377892
2348136245001
2348136074129
2348136173881
2348161637611
2348136885530
2348137610508
2348136060520
2348155940143
2348139544121
2348136878364
2348136697605
2348138429209
2348137868751
2348138171929
2348136031838
2348136939151
2348138832828
2348134564286
2348134710526
2348137374002
2348139662725
2348138112843
2348135574119
2348135430102
2348152464821
2348139291798
2348159757562
2348161535399
2348138143350
2348139407157
2348154367317
2348154585424
2348161686896
2348134807939
2348139147979
2348135367094
2348137297356
2348139350805
2348139049862
2348135837249
2348136329595
2348161859272
2348134551182
2348134562438
2348137276361
2348136880326
2348138333087
2348136180208
2348139160998
2348139654702
2348134765976
2348152465963
2348135638408
2348156283258
2348135761314
2348151452798
2348161270881
2348134378782
2348135921174
2348138898443
2348136567638
2348157740623
2348138137299
2348156400567
2348134795767
2348139281098
2348134986461
2348138465491
2348135622179
2348161727966
2348137174076
2348139214964
2348138267744
2348157754563
2348135242240
2348135576706
2348137301394
2348138319555
2348136315052
2348161226337
2348156357517
2348139352612
2348139448992
2348135426534
2348135564287
2348139290118
2348136899880
2348138848705
2348135774194
2348139602650
2348137595871
2348139177778
2348158921119
2348134683252
2348161854787
2348136338019
2348136572865
2348137737024
2348139690330
2348137849019
2348157119761
2348137221983
2348135326608
2348138192795
2348139490707
2348136934212
2348154005928
2348138374417
2348136522016
2348139732098
2348139492114
2348136262636
2348153669091
2348137776762
2348138465463
2348136034192
2348138698240
2348155676670
2348135549505
2348136335625
2348136666664
2348138287319
2348134679325
2348134901428
2348161858516
2348153403744
2348134818608
2348136372360
2348134816323
2348139573800
2348136675323
2348134437674
2348139725948
2348135720147
2348138636886
2348136604785
2348138893316
2348134608970
2348135373133
2348135583924
2348138437224
2348138884422
2348137126601
2348136581918
2348161355797
2348135508862
2348134560850
2348135700017
2348137573774
2348137987719
2348139387904
2348138664771
2348137896600
2348138070799
2348161210595
2348156921791
2348157050252
2348136725557
2348138248802
2348156278812
2348135572251
2348138295884
2348134693423
2348137379223
2348161813148
2348136330590
2348135252043
2348134535563
2348161127599
2348135692340
2348139322592
2348138664061
2348139498103
2348139452545
2348139203429
2348138116161
2348155380073
2348137035565
2348136337913
2348137505215
2348135777480
2348139351883
2348136403715
2348136040737
2348139244430
2348137966669
2348136938050
2348139283880
2348138788416
2348136357346
2348138813685
2348136542739
2348139145858
2348137695099
2348134341090
2348151237474
2348135352560
2348138350336
2348136965502
2348135531992
2348159344099
2348139283070
2348135687194
2348139434511
2348139160643
2348137285858
2348138807724
2348136094257
2348136292100
2348138176851
2348138764294
2348138177134
2348134673183
2348136989745
2348137750583
2348134475809
2348161300434
2348135532900
2348136911107
2348138377663
2348138537469
2348161574063
2348138280032
2348161582281
2348136139431
2348136932519
2348134809962
2348136682578
2348135328139
2348136684833
2348135970072
2348135138232
2348136658585
2348136085297
2348136794577
2348135455246
2348134976432
2348137988517
2348138835151
2348137477338
2348134615727
2348151126579
2348135744826
2348156608654
2348155295748
2348134550064
2348136652484
2348137458774
2348135623679
2348134945152
2348136844652
2348156483672
2348137438651
2348161549067
2348135952783
2348136059570
2348135951414
2348135648354
2348153342625
2348137345260
2348138349788
2348136493754
2348134520751
2348138994554
2348159628210
2348161816178
2348135434630
2348161787630
2348136610102
2348136561341
2348161616542
2348135404412
2348139683850
2348139537139
2348161135402
2348137830999
2348135318241
2348137042644
2348138342403
2348135529304
2348161724349
2348137984782
2348135555181
2348161247421
2348161626490
2348135526211
2348138706940
2348138850624
2348139743486
2348134683944
2348135357182
2348136306979
2348136577657
2348134444480
2348135826523
2348136776444
2348139536958
2348138209188
2348137044038
2348135514885
2348153330216
2348138850674
2348136534073
2348157899508
2348136038762
2348138252950
2348139732608
2348138303700
2348137722386
2348139339991
2348161785155
2348138583612
2348135697110
2348153333374
2348137913374
2348154746378
2348135200406
2348139105655
2348156355509
2348135031181
2348138510810
2348139599676
2348135530205
2348137248312
2348157622671
2348137995391
2348139078224
2348159366311
2348135329151
2348138564161
2348138344269
2348135988093
2348139738144
2348137756148
2348135845298
2348134595796
2348157787160
2348136720340
2348136475825
2348135380527
2348157570113
2348136928088
2348134556378
2348155998807
2348136345262
2348138939398
2348136063456
2348154706185
2348139312238
2348135564698
2348156563134
2348135982853
2348161600896
2348136022232
2348137254345
2348135779850
2348136104033
2348135983171
2348137050232
2348138646314
2348137111430
2348135350662
2348135779588
2348139753246
2348136072472
2348156717272
2348161538528
2348136653462
2348134378036
2348137926277
2348137163801
2348139497680
2348138294476
2348135776873
2348136491484
2348135934027
2348152500195
2348134366626
2348139138476
2348137687872
2348139714441
2348138397025
2348135123413
2348138580196
2348139269721
2348156814343
2348137011549
2348139122631
2348136373043
2348138167903
2348135405175
2348137963195
2348135532380
2348138860608
2348161217136
2348139338112
2348161839692
2348155555987
2348137361965
2348139044023
2348137335307
2348135831516
2348137191017
2348136041641
2348138438557
2348136393984
2348137894069
2348134541476
2348135636364
2348156216822
2348135434254
2348159031488
2348156985619
2348136661293
2348153313520
2348136198202
2348138452635
2348139602453
2348154549554
2348135495081
2348139705427
2348136090851
2348136371380
2348138544399
2348138025872
2348156250327
2348161857390
2349039000021